[83, 59] [34, 99] [4485, 8127]
solution: (27, 66), value: 147
[13, 33] [57, 19] [13101, 9731]
no solution
[18, 60] [83, 58] [9765, 10902]
solution: (86, 99), value: 357
[22, 54] [29, 17] [11432, 5896]
no solution
[64, 24] [12, 23] [3912, 2466]
no solution ---
[11, 87] [88, 86] [7612, 14454]
solution: (92, 75), value: 351
[73, 50] [29, 87] [5751, 9310]
solution: (47, 80), value: 221
[21, 41] [53, 11] [13562, 5160]
no solution
[13, 34] [70, 39] [7577, 6540]
no solution
[23, 52] [60, 35] [4561, 15619]
no solution
[78, 31] [13, 69] [2769, 4356]
solution: (27, 51), value: 132
[92, 42] [37, 81] [9380, 8898]
solution: (73, 72), value: 291
[69, 41] [18, 71] [4197, 7077]
solution: (41, 76), value: 199
[16, 69] [71, 62] [3327, 8243]
solution: (97, 25), value: 316
[35, 15] [19, 47] [19679, 16267]
no solution
[17, 54] [50, 24] [15748, 15296]
no solution
[38, 26] [11, 30] [3005, 4236]
solution: (51, 97), value: 250
[31, 68] [63, 22] [7995, 14780]
no solution
[58, 18] [30, 74] [11992, 1888]
no solution
[86, 12] [28, 44] [9118, 4600]
solution: (79, 83), value: 320
[20, 39] [41, 14] [4755, 4326]
solution: (84, 75), value: 327
[54, 93] [80, 11] [6364, 6523]
solution: (66, 35), value: 233
[53, 30] [14, 29] [12053, 9374]
no solution
[20, 78] [93, 58] [4373, 4562]
solution: (28, 41), value: 125
[17, 40] [52, 37] [745, 7809]
no solution
[84, 32] [50, 63] [6626, 5469]
solution: (39, 67), value: 184
[28, 57] [57, 15] [8045, 11162]
no solution
[80, 17] [38, 50] [3662, 1994]
solution: (32, 29), value: 125
[27, 70] [50, 21] [5823, 8253]
solution: (99, 63), value: 360
[72, 32] [62, 90] [6540, 7028]
solution: (34, 66), value: 168
[88, 28] [70, 79] [8992, 5584]
solution: (64, 48), value: 240
[50, 89] [70, 30] [11130, 10919]
solution: (91, 94), value: 367
[27, 48] [43, 18] [17836, 1244]
no solution
[94, 12] [70, 96] [8188, 3396]
solution: (67, 27), value: 228
[42, 48] [78, 21] [7482, 5280]
solution: (89, 48), value: 315
[34, 78] [91, 67] [6544, 8208]
solution: (64, 48), value: 240
[67, 43] [13, 29] [5459, 1019]
no solution
[45, 24] [13, 43] [17179, 13624]
no solution
[59, 28] [19, 44] [5712, 7552]
no solution
[49, 16] [36, 66] [5605, 14614]
no solution
[22, 13] [31, 56] [7729, 722]
no solution
[42, 61] [27, 11] [3246, 3868]
solution: (58, 30), value: 204
[19, 46] [63, 37] [3057, 3818]
no solution
[82, 18] [24, 94] [8468, 3456]
solution: (98, 18), value: 312
[22, 79] [47, 39] [4634, 6518]
solution: (44, 78), value: 210
[50, 69] [96, 39] [2720, 1884]
solution: (16, 20), value: 68
[55, 62] [78, 22] [7064, 3480]
solution: (32, 68), value: 164
[73, 40] [29, 49] [5489, 5524]
solution: (45, 76), value: 211
[20, 76] [66, 12] [4632, 3580]
no solution
[31, 74] [59, 12] [17302, 2696]
no solution
[36, 25] [14, 34] [2226, 5848]
no solution
[25, 64] [63, 12] [2233, 5872]
no solution
[68, 30] [22, 48] [3872, 3240]
solution: (44, 40), value: 172
[17, 50] [32, 14] [7264, 15250]
no solution
[24, 65] [35, 12] [19202, 14787]
no solution
[57, 26] [16, 40] [10077, 4906]
no solution
[35, 22] [14, 85] [2954, 2695]
solution: (80, 11), value: 251
[96, 76] [19, 58] [6647, 8570]
no solution
[18, 79] [73, 37] [3550, 4245]
solution: (35, 40), value: 145
[62, 17] [45, 55] [8797, 5697]
solution: (86, 77), value: 335
[55, 26] [18, 40] [17928, 9376]
no solution
[43, 17] [46, 69] [2612, 2433]
no solution
[27, 47] [41, 14] [2702, 4474]
solution: (94, 4), value: 286
[22, 39] [25, 11] [10587, 8043]
no solution
[12, 84] [91, 18] [4269, 5742]
solution: (60, 39), value: 219
[26, 63] [58, 17] [11748, 18204]
no solution
[41, 74] [47, 17] [13607, 9098]
no solution
[49, 33] [12, 35] [13252, 3498]
no solution
[52, 24] [40, 90] [3104, 4008]
solution: (32, 36), value: 132
[24, 78] [72, 42] [6816, 7368]
solution: (53, 77), value: 236
[28, 85] [86, 51] [7430, 6800]
solution: (35, 75), value: 180
[74, 36] [19, 52] [3944, 3800]
solution: (42, 44), value: 170
[27, 11] [15, 21] [1508, 4370]
no solution
[44, 81] [20, 12] [3692, 5928]
no solution
[53, 26] [14, 48] [4780, 11140]
no solution
[51, 77] [96, 26] [12150, 8472]
solution: (82, 83), value: 329
[54, 15] [17, 66] [9908, 13556]
no solution
[70, 11] [15, 64] [15390, 7930]
no solution
[35, 56] [89, 16] [4953, 1984]
solution: (22, 47), value: 113
[43, 13] [38, 80] [4706, 17042]
no solution
[47, 29] [12, 41] [1605, 12525]
no solution
[66, 11] [62, 61] [7346, 5987]
solution: (23, 94), value: 163
[40, 67] [53, 23] [7380, 19395]
no solution
[22, 93] [93, 31] [6923, 4278]
solution: (23, 69), value: 138
[97, 33] [73, 96] [9315, 4023]
solution: (87, 12), value: 273
[38, 95] [88, 67] [5104, 9700]
solution: (88, 20), value: 284
[11, 60] [37, 15] [16170, 8135]
no solution
[53, 22] [27, 48] [19789, 11586]
no solution
[64, 34] [16, 54] [15216, 3216]
no solution
[16, 93] [86, 51] [4134, 9216]
solution: (81, 33), value: 276
[75, 56] [13, 98] [8321, 14336]
solution: (95, 92), value: 377
[59, 15] [36, 66] [8402, 7764]
solution: (82, 99), value: 345
[13, 99] [81, 92] [7139, 10804]
solution: (32, 83), value: 179
[86, 23] [69, 85] [5646, 2974]
solution: (48, 22), value: 166
[79, 12] [86, 77] [6283, 1338]
solution: (73, 6), value: 225
[39, 63] [40, 11] [6530, 5455]
solution: (70, 95), value: 305
[26, 64] [41, 18] [15008, 4724]
no solution
[30, 68] [64, 25] [14928, 7306]
no solution
[20, 83] [84, 76] [4868, 8753]
solution: (67, 42), value: 243
[11, 62] [44, 11] [12332, 19376]
no solution
[31, 58] [78, 22] [2163, 1940]
solution: (27, 17), value: 98
[78, 25] [17, 37] [3296, 3265]
solution: (27, 70), value: 151
[73, 50] [11, 25] [3221, 2525]
no solution
[27, 42] [98, 33] [1807, 1497]
solution: (27, 11), value: 92
[13, 58] [35, 12] [15361, 3534]
no solution
[30, 83] [46, 11] [17514, 7809]
no solution
[15, 58] [62, 12] [3563, 458]
no solution
[22, 28] [90, 27] [5552, 1901]
solution: (11, 59), value: 92
[68, 45] [12, 41] [18572, 7041]
no solution
[39, 15] [35, 97] [1349, 853]
solution: (31, 4), value: 97
[45, 81] [53, 23] [6599, 5507]
solution: (43, 88), value: 217
[72, 85] [86, 16] [9734, 8327]
solution: (91, 37), value: 310
[18, 41] [60, 41] [8834, 8594]
no solution
[48, 29] [12, 25] [2696, 250]
no solution
[91, 30] [38, 65] [4446, 2830]
solution: (38, 26), value: 140
[13, 95] [94, 73] [1464, 6401]
solution: (62, 7), value: 193
[90, 35] [21, 42] [5376, 4662]
solution: (42, 76), value: 202
[57, 18] [33, 74] [14663, 2422]
no solution
[40, 19] [14, 59] [16340, 10835]
no solution
[64, 31] [24, 56] [12560, 17240]
no solution
[61, 20] [53, 69] [7318, 4774]
solution: (80, 46), value: 286
[41, 13] [30, 66] [6542, 4802]
no solution
[15, 42] [67, 35] [13213, 3021]
no solution
[26, 64] [64, 31] [12694, 18446]
no solution
[42, 97] [98, 29] [10304, 10576]
solution: (89, 67), value: 334
[99, 27] [17, 51] [7846, 5988]
solution: (65, 83), value: 278
[53, 15] [78, 94] [5597, 6403]
solution: (7, 67), value: 88
[57, 56] [12, 56] [4203, 8064]
no solution
[52, 23] [15, 75] [1797, 4008]
solution: (21, 47), value: 110
[60, 16] [12, 48] [296, 12064]
no solution
[85, 51] [21, 45] [7048, 5136]
no solution
[38, 12] [19, 53] [9335, 4557]
no solution
[29, 11] [30, 61] [1570, 18306]
no solution
[49, 16] [30, 69] [14751, 5106]
no solution
[31, 95] [91, 54] [6569, 9337]
solution: (71, 48), value: 261
[12, 91] [73, 92] [2545, 7760]
solution: (60, 25), value: 205
[64, 25] [17, 37] [1194, 770]
solution: (16, 10), value: 58
[92, 21] [52, 55] [9612, 3833]
solution: (83, 38), value: 287
[12, 60] [67, 25] [720, 6240]
no solution
[37, 51] [84, 26] [6863, 3983]
solution: (47, 61), value: 202
[26, 12] [50, 76] [4794, 4620]
no solution
[19, 41] [46, 22] [2411, 8601]
no solution
[19, 56] [69, 16] [13155, 13040]
no solution
[72, 30] [42, 94] [5508, 3672]
solution: (66, 18), value: 216
[63, 20] [25, 75] [19764, 19285]
no solution
[28, 60] [68, 32] [2108, 16436]
no solution
[19, 59] [68, 27] [14827, 17875]
no solution
[12, 17] [33, 14] [3647, 3114]
no solution
[19, 63] [96, 62] [10716, 11182]
solution: (84, 95), value: 347
[74, 45] [11, 34] [13265, 7642]
no solution
[77, 46] [20, 62] [2769, 5308]
solution: (17, 73), value: 124
[43, 94] [72, 31] [9646, 10343]
solution: (82, 85), value: 331
[49, 15] [31, 56] [13234, 13663]
no solution
[44, 13] [25, 97] [4209, 6710]
solution: (61, 61), value: 244
[74, 40] [41, 89] [3502, 2294]
solution: (44, 6), value: 138
[36, 51] [91, 33] [5598, 2751]
solution: (19, 54), value: 111
[59, 24] [16, 44] [4064, 2468]
no solution
[22, 91] [79, 15] [6841, 6161]
solution: (56, 71), value: 239
[32, 54] [44, 17] [1872, 15556]
no solution
[13, 63] [54, 24] [4034, 6714]
solution: (86, 54), value: 312
[20, 32] [44, 17] [11608, 1474]
no solution
[26, 63] [84, 48] [9460, 9546]
solution: (86, 86), value: 344
[28, 71] [47, 11] [1620, 2377]
solution: (31, 16), value: 109
[48, 20] [31, 57] [848, 8776]
no solution
[98, 79] [88, 12] [6120, 3460]
solution: (40, 25), value: 145
[23, 76] [88, 60] [7772, 6988]
solution: (28, 81), value: 165
[12, 40] [29, 18] [1049, 6842]
no solution
[11, 45] [70, 20] [4943, 2215]
no solution
[36, 90] [79, 48] [3738, 4860]
solution: (38, 30), value: 144
[22, 61] [88, 32] [8932, 5050]
solution: (34, 93), value: 195
[15, 52] [57, 15] [11138, 7095]
no solution
[31, 74] [55, 35] [5894, 8581]
solution: (89, 57), value: 324
[76, 67] [25, 89] [6388, 9917]
solution: (63, 64), value: 253
[11, 56] [83, 58] [3439, 4384]
solution: (41, 36), value: 159
[37, 14] [26, 59] [8358, 18072]
no solution
[59, 32] [24, 47] [11808, 869]
no solution
[92, 30] [19, 67] [2253, 5295]
solution: (9, 75), value: 102
[93, 17] [12, 99] [1152, 3502]
solution: (8, 34), value: 58
[52, 45] [70, 11] [3526, 1217]
solution: (18, 37), value: 91
[19, 45] [35, 14] [7874, 15842]
no solution
[20, 93] [72, 40] [3652, 3421]
solution: (17, 46), value: 97
[72, 21] [49, 71] [6351, 6786]
solution: (29, 87), value: 174
[72, 53] [11, 27] [18294, 7815]
no solution
[48, 25] [29, 56] [5972, 1830]
no solution
[77, 17] [13, 52] [9074, 11897]
no solution
[49, 15] [28, 62] [15103, 14661]
no solution
[36, 88] [92, 13] [5776, 4796]
solution: (48, 44), value: 188
[44, 16] [31, 73] [2843, 18061]
no solution
[89, 44] [43, 88] [7099, 4444]
solution: (73, 14), value: 233
[59, 20] [13, 46] [17500, 18952]
no solution
[13, 58] [84, 36] [5785, 15058]
no solution
[61, 35] [22, 69] [4878, 6858]
solution: (54, 72), value: 234
[16, 70] [63, 19] [12012, 19664]
no solution
[11, 67] [79, 13] [16267, 13249]
no solution
[75, 34] [13, 39] [10901, 16433]
no solution
[27, 11] [12, 50] [17273, 16755]
no solution
[79, 55] [25, 64] [5181, 3840]
solution: (64, 5), value: 197
[34, 85] [69, 19] [5887, 3512]
solution: (25, 73), value: 148
[31, 59] [45, 25] [17426, 3314]
no solution
[28, 15] [12, 56] [1696, 5717]
solution: (19, 97), value: 154
[75, 28] [57, 90] [8934, 9314]
solution: (53, 87), value: 246
[23, 49] [41, 16] [3569, 10787]
no solution
[82, 64] [95, 12] [9247, 4172]
solution: (56, 49), value: 217
[13, 48] [46, 14] [9433, 5068]
no solution
[43, 19] [16, 56] [8566, 14078]
no solution
[81, 30] [41, 98] [1865, 1022]
solution: (21, 4), value: 67
[26, 60] [57, 20] [3920, 5700]
solution: (85, 30), value: 285
[64, 27] [13, 24] [6126, 3288]
no solution
[18, 36] [45, 14] [6398, 5228]
no solution
[43, 18] [18, 45] [15434, 12194]
no solution
[21, 72] [68, 11] [19333, 17956]
no solution
[52, 75] [51, 11] [5597, 3631]
solution: (38, 71), value: 185
[33, 74] [51, 13] [12764, 3562]
no solution
[45, 17] [27, 42] [1646, 18249]
no solution
[78, 49] [18, 63] [5688, 3780]
solution: (72, 4), value: 220
[47, 15] [31, 68] [6457, 3672]
no solution
[98, 22] [96, 93] [7950, 4857]
solution: (39, 43), value: 160
[74, 27] [12, 58] [4400, 4072]
solution: (52, 46), value: 202
[13, 29] [87, 35] [2568, 2388]
solution: (57, 21), value: 192
[38, 74] [53, 20] [4920, 12732]
no solution
[15, 75] [88, 35] [1868, 4885]
solution: (60, 11), value: 191
[18, 78] [74, 62] [1320, 4944]
solution: (61, 3), value: 186
[89, 16] [33, 92] [7969, 5736]
solution: (71, 50), value: 263
[34, 14] [13, 27] [3971, 2869]
solution: (95, 57), value: 342
[93, 13] [65, 80] [11240, 4195]
solution: (95, 37), value: 322
[75, 38] [56, 90] [12426, 12212]
solution: (94, 96), value: 378
[12, 38] [82, 14] [6374, 4216]
solution: (87, 65), value: 326
[14, 13] [12, 82] [1074, 2131]
solution: (63, 16), value: 205
[69, 43] [25, 90] [4725, 6740]
solution: (50, 51), value: 201
[28, 11] [61, 79] [16218, 7104]
no solution
[19, 70] [71, 14] [14609, 578]
no solution
[82, 57] [11, 28] [15455, 13471]
no solution
[97, 31] [46, 78] [7469, 8527]
solution: (31, 97), value: 190
[82, 15] [13, 67] [3923, 561]
no solution
[15, 91] [70, 22] [4975, 1995]
solution: (5, 70), value: 85
[37, 21] [22, 50] [13654, 13634]
no solution
[39, 15] [18, 67] [18395, 820]
no solution
[28, 11] [32, 43] [19024, 8967]
no solution
[54, 22] [58, 78] [4364, 5312]
solution: (11, 65), value: 98
[83, 55] [30, 62] [4125, 3281]
solution: (45, 13), value: 148
[65, 32] [14, 29] [7440, 1215]
no solution
[20, 40] [57, 21] [7224, 9652]
no solution
[13, 50] [60, 24] [8386, 16500]
no solution
[71, 20] [64, 90] [4960, 4420]
solution: (32, 42), value: 138
[35, 21] [22, 57] [2033, 3804]
solution: (21, 59), value: 122
[13, 73] [84, 11] [19057, 11087]
no solution
[12, 68] [91, 23] [1769, 4605]
solution: (64, 11), value: 203
[63, 28] [19, 98] [6417, 6076]
solution: (91, 36), value: 309
[65, 28] [22, 57] [8245, 526]
no solution
[22, 11] [27, 62] [13424, 17229]
no solution
[96, 18] [52, 79] [8624, 3002]
solution: (79, 20), value: 257
[39, 15] [19, 69] [3415, 3411]
solution: (71, 34), value: 247
[19, 46] [40, 22] [10332, 16596]
no solution
[69, 39] [24, 62] [3045, 4385]
solution: (25, 55), value: 130
[48, 57] [13, 74] [2537, 4711]
solution: (45, 29), value: 164
[64, 34] [14, 37] [15052, 7562]
no solution
[27, 75] [75, 34] [3024, 5262]
solution: (62, 18), value: 204
[41, 42] [81, 19] [7145, 2777]
solution: (34, 71), value: 173
[11, 46] [67, 19] [13888, 12889]
no solution
[14, 62] [64, 24] [10904, 5320]
no solution
[31, 84] [62, 38] [5301, 7344]
solution: (63, 54), value: 243
[43, 86] [83, 51] [5773, 8671]
solution: (86, 25), value: 283
[86, 15] [91, 98] [11011, 4795]
solution: (91, 35), value: 308
[15, 84] [42, 29] [2946, 5569]
solution: (48, 53), value: 197
[45, 20] [17, 41] [15828, 1629]
no solution
[40, 39] [15, 72] [2645, 5046]
solution: (50, 43), value: 193
[29, 91] [63, 28] [2284, 4452]
solution: (44, 16), value: 148
[24, 69] [70, 14] [18426, 13552]
no solution
[78, 24] [51, 90] [7020, 6024]
solution: (56, 52), value: 220
[62, 12] [64, 84] [8872, 6372]
solution: (76, 65), value: 293
[95, 56] [34, 61] [3867, 5679]
solution: (11, 83), value: 116
[67, 13] [48, 81] [10016, 8897]
solution: (80, 97), value: 337
[17, 49] [70, 28] [8069, 10413]
no solution
[21, 47] [69, 31] [10964, 508]
no solution
[18, 46] [70, 45] [19446, 14497]
no solution
[21, 68] [85, 71] [5587, 5020]
solution: (7, 64), value: 85
[15, 87] [72, 18] [2814, 5532]
solution: (58, 27), value: 201
[50, 89] [83, 30] [10887, 8900]
solution: (70, 89), value: 299
[14, 39] [40, 18] [16352, 18920]
no solution
[18, 53] [41, 18] [16105, 5175]
no solution
[30, 84] [99, 40] [9792, 8916]
solution: (69, 78), value: 285
[46, 75] [44, 16] [17188, 4110]
no solution
[14, 30] [60, 38] [5124, 898]
no solution
[90, 36] [60, 90] [8820, 5310]
solution: (80, 27), value: 267
[58, 19] [15, 32] [14828, 18209]
no solution
[86, 80] [27, 89] [2255, 3567]
solution: (19, 23), value: 80
[51, 71] [88, 15] [5075, 4915]
solution: (65, 20), value: 215
[14, 89] [23, 27] [2741, 8007]
solution: (66, 79), value: 277
[36, 14] [43, 75] [14047, 3583]
no solution
[23, 76] [60, 12] [17279, 13868]
no solution
[22, 45] [61, 36] [5571, 17909]
no solution
[56, 23] [18, 57] [11704, 14914]
no solution
[65, 61] [18, 81] [2217, 2337]
solution: (33, 4), value: 103
[13, 68] [66, 24] [16932, 18832]
no solution
[22, 50] [64, 34] [14004, 3484]
no solution
[94, 69] [22, 77] [1556, 2846]
solution: (10, 28), value: 58
[32, 42] [89, 19] [3478, 3978]
solution: (92, 6), value: 282
[90, 53] [38, 74] [2530, 4071]
solution: (7, 50), value: 71
[63, 22] [17, 39] [16083, 16531]
no solution
[56, 74] [73, 13] [2393, 2411]
solution: (31, 9), value: 102
[29, 83] [46, 37] [4013, 7226]
solution: (67, 45), value: 246
[73, 47] [13, 56] [5764, 4235]
solution: (77, 11), value: 242
[15, 71] [49, 13] [13956, 11004]
no solution
[22, 62] [66, 14] [11760, 14244]
no solution
[19, 53] [40, 18] [1697, 10527]
no solution
[88, 22] [49, 78] [12153, 8364]
solution: (93, 81), value: 360
[14, 71] [46, 13] [9516, 14718]
no solution
[69, 41] [27, 52] [5726, 16245]
no solution
[23, 67] [83, 24] [6587, 4379]
solution: (41, 68), value: 191
[25, 54] [76, 46] [3269, 4816]
solution: (73, 19), value: 238
[77, 86] [58, 12] [8115, 6794]
solution: (43, 73), value: 202
[82, 45] [22, 69] [7220, 5670]
solution: (80, 30), value: 270
[41, 16] [15, 62] [10570, 7964]
no solution
[97, 14] [70, 78] [8362, 3108]
solution: (66, 28), value: 226
[13, 80] [86, 23] [727, 424]
solution: (3, 8), value: 17
[24, 99] [90, 79] [6030, 7631]
solution: (30, 59), value: 149
[72, 34] [18, 45] [2168, 19786]
no solution
[97, 14] [11, 83] [2909, 4002]
solution: (25, 44), value: 119
[78, 13] [15, 68] [7430, 18378]
no solution
[57, 27] [22, 48] [4328, 4380]
solution: (52, 62), value: 218
=======================================
35281
